//for unbiased 16405
PID,280.00,85.00,0.70,180.00,100.00,70.00,0.50,1.60,1.80,0.00,0.50,0.33,0.00
Neutral,0.48,1512,1519,1090,1523

//for biased 16405
Neutral,0.48,1519,1514,1107,1519

#yangsheng
PID,0,0.06,0.0,0.004,0.06,0.0,0.004,0.08,0.002,0.0
PID,1,3.3,0.1,0.0,3.3,0.1,0.0,3.5,0.1,0.0
Neutral,1500,1500,1100,1500

#tangliangwen
PID,0,0.07,0.0,0.003,0.07,0.0,0.003,0.08,0.002,0.0
PID,1,3.9,0.1,0.0,3.9,0.1,0.0,3.5,0.1,0.0
PID,2,0.6,0.0,0.0,0.6,0.0,0.0,0.2,0.0,0.0
PID,3,0.3,0.0,0.0,0.3,0.0,0.0,2.0,0.1,0.0

Miscel,0.44,0.0,0.0,0.0,0.0,0.0,0.0,0.0,0.0,0.0

